2 2 2 2 2 2 2 2 2 2 2 2 2 2 2 2 2 2 2 2 2 2 2 2 2 2 2 2 2 2 
2 2 2 2 2 2 2 2 2 2 2 2 2 2 2 2 2 2 2 2 2 2 2 2 2 2 2 2 2 2 
2 2 2 2 2 2 2 2 2 2 2 2 2 2 2 2 2 2 2 2 2 2 2 2 2 2 2 2 2 2 
2 2 2 2 2 2 2 2 2 2 2 2 2 2 2 2 2 2 2 2 2 2 2 2 2 2 2 2 2 2 
2 2 2 2 2 2 2 2 2 2 2 2 2 2 2 2 2 2 2 2 2 2 2 2 2 2 2 2 2 2 
2 2 2 2 2 2 2 2 2 2 2 2 2 2 2 2 2 2 2 2 2 2 2 2 2 2 2 2 2 2 
2 2 2 2 2 2 2 5 2 2 2 2 31 32 33 2 2 2 2 2 2 2 5 2 2 2 2 31 32 33 
2 2 2 2 2 12 85 86 87 16 2 2 41 42 43 2 2 2 2 2 12 85 86 87 16 2 2 41 42 43 
2 2 2 2 2 2 15 23 25 2 2 2 51 52 53 2 2 2 2 2 2 15 23 25 2 2 2 51 52 53 
2 2 3 4 2 2 2 2 2 2 6 7 3 11 2 2 2 3 4 2 2 2 2 2 2 6 7 3 11 2 
2 12 85 86 87 16 2 2 2 12 85 86 87 11 2 2 12 85 86 87 16 2 2 2 12 85 86 87 11 2 
2 2 15 23 25 2 2 2 2 2 15 23 25 11 2 2 2 15 23 25 2 2 2 2 2 15 23 25 11 2 
2 3 2 6 7 2 2 2 4 5 2 2 2 21 2 2 3 2 6 7 2 2 2 4 5 2 2 2 21 2 
78 79 86 86 79 86 79 86 86 79 86 86 86 79 80 78 79 86 86 79 86 79 86 86 79 86 86 86 79 80 
98 99 100 98 99 100 98 99 100 98 99 100 98 99 100 98 99 100 98 99 100 98 99 100 98 99 100 98 99 100

