0 0 0 0 0 0 0 0 0 0 0 0 0 0 0 0 0 0 0 0 0 0 0 0 0 0 0 0 0 0 0 0 0 0 0 0 0 0 0 0 
0 0 0 0 0 0 0 0 0 0 0 0 0 0 0 0 0 0 0 0 0 0 0 0 0 0 0 0 0 0 0 0 0 0 0 0 0 0 0 0 
0 0 0 0 0 0 0 0 0 0 0 0 0 0 0 0 0 0 0 0 0 0 0 0 0 0 0 0 0 0 0 0 0 0 0 0 0 0 0 0 
0 0 0 0 0 0 0 0 0 0 0 0 0 0 0 0 0 0 0 0 0 0 0 0 0 0 0 0 0 0 0 0 0 0 0 0 0 0 0 0 
0 0 0 0 0 0 0 0 0 0 0 0 0 0 0 0 0 0 0 0 0 0 0 0 0 0 0 0 0 0 0 0 0 0 0 0 0 0 0 0 
0 0 0 0 0 0 0 0 0 0 0 0 0 0 0 0 0 0 0 0 0 0 0 0 0 0 0 0 0 0 0 0 0 0 0 0 0 0 0 0 
0 0 0 0 0 0 0 0 0 0 0 0 0 0 0 0 0 0 0 0 0 0 0 0 0 0 0 0 0 0 0 0 0 0 0 0 0 0 0 0 
0 0 0 0 0 0 0 295 296 297 298 299 300 0 0 0 0 0 0 0 0 0 0 0 0 0 295 296 297 298 299 300 0 0 0 0 0 0 0 0 
0 0 0 0 0 0 0 315 316 317 318 319 320 0 0 0 0 0 0 0 0 0 0 0 0 0 315 316 317 318 319 320 0 0 0 0 0 0 0 0 
0 0 0 0 0 0 0 335 336 337 338 339 340 0 0 0 0 0 0 0 0 0 0 0 0 0 335 336 337 338 339 340 0 0 0 0 0 0 0 0 
0 0 0 0 0 0 0 355 356 357 358 359 360 0 0 0 0 0 0 0 0 0 0 0 0 0 355 356 357 358 359 360 0 0 0 0 0 0 0 0 
0 0 0 0 0 0 0 375 376 377 378 379 380 0 0 0 0 0 0 0 0 0 0 0 0 0 375 376 377 378 379 380 0 0 0 0 0 0 0 0 
0 0 0 0 0 0 0 395 396 397 398 399 400 0 0 0 0 0 0 0 0 0 0 0 0 0 395 396 397 398 399 400 0 0 0 0 0 0 0 0 
295 296 297 298 299 296 297 298 299 299 296 297 298 299 296 297 298 299 296 297 298 299 296 297 298 299 296 297 298 299 296 297 298 299 296 297 298 299 296 297 
315 316 317 318 319 316 317 318 319 319 316 317 318 319 316 317 318 319 316 317 318 319 316 317 318 319 316 317 318 319 316 317 318 319 316 317 318 319 316 317

